#
# leduc strategy billion_fullgame_1.strat
# made on:       Fri Aug 17 16:59:28 2012
# abstraction:   abstractions/fullgame
# opponent:      abstractions/fullgame
# iterations:    1000000000
#
J:/: 0.072642889 0.927357111 0.000000000
Q:/: 0.746285913 0.253714087 0.000000000
K:/: 0.752378361 0.247621639 0.000000000
J:/rr: 0.000000000 0.999999942 0.000000058
Q:/rr: 0.000000000 0.999999995 0.000000005
K:/rr: 0.000000000 0.999999986 0.000000014
JJ:/rrc/: 0.999834015 0.000165985 0.000000000
JQ:/rrc/: 0.128302962 0.871697038 0.000000000
JK:/rrc/: 0.555769293 0.444230707 0.000000000
QJ:/rrc/: 0.000000001 0.999999999 0.000000000
QQ:/rrc/: 0.995180248 0.004819752 0.000000000
QK:/rrc/: 0.127101345 0.872898655 0.000000000
KJ:/rrc/: 0.077628752 0.922371248 0.000000000
KQ:/rrc/: 0.720010605 0.279989395 0.000000000
KK:/rrc/: 0.533216397 0.466783603 0.000000000
JJ:/rrc/rr: 0.000000000 1.000000000 0.000000000
JQ:/rrc/rr: 0.000000000 0.000000000 1.000000000
JK:/rrc/rr: 0.000000000 0.000000012 0.999999988
QJ:/rrc/rr: 0.000000000 0.462662674 0.537337326
QQ:/rrc/rr: 0.000000000 1.000000000 0.000000000
QK:/rrc/rr: 0.000000000 0.000000381 0.999999619
KJ:/rrc/rr: 0.000000000 0.453178849 0.546821151
KQ:/rrc/rr: 0.000000000 0.392359181 0.607640819
KK:/rrc/rr: 0.000000000 1.000000000 0.000000000
JJ:/rrc/cr: 0.999967862 0.000032138 0.000000000
JQ:/rrc/cr: 0.000001656 0.000000000 0.999998344
JK:/rrc/cr: 0.985820294 0.000000010 0.014179696
QJ:/rrc/cr: 0.000000000 0.000000000 0.999999999
QQ:/rrc/cr: 1.000000000 0.000000000 0.000000000
QK:/rrc/cr: 0.000000202 0.294917832 0.705081966
KJ:/rrc/cr: 0.000007795 0.999984913 0.000007292
KQ:/rrc/cr: 0.007225202 0.966123827 0.026650971
KK:/rrc/cr: 0.999999999 0.000000001 0.000000000
JJ:/rc/: 0.989604086 0.010395914 0.000000000
JQ:/rc/: 0.999978066 0.000021934 0.000000000
JK:/rc/: 0.999876546 0.000123454 0.000000000
QJ:/rc/: 0.007611982 0.992388018 0.000000000
QQ:/rc/: 0.486824439 0.513175561 0.000000000
QK:/rc/: 0.439368501 0.560631499 0.000000000
KJ:/rc/: 0.077668290 0.922331710 0.000000000
KQ:/rc/: 0.000000158 0.999999842 0.000000000
KK:/rc/: 0.809632721 0.190367279 0.000000000
JJ:/rc/rr: 0.000000000 1.000000000 0.000000000
JQ:/rc/rr: 0.000000000 0.000000026 0.999999974
JK:/rc/rr: 0.000000000 0.000000013 0.999999987
QJ:/rc/rr: 0.000000000 0.000000165 0.999999835
QQ:/rc/rr: 0.000000000 1.000000000 0.000000000
QK:/rc/rr: 0.000000000 0.204061151 0.795938849
KJ:/rc/rr: 0.000000000 0.313924091 0.686075909
KQ:/rc/rr: 0.000000000 0.972996078 0.027003922
KK:/rc/rr: 0.000000000 0.999999996 0.000000004
JJ:/rc/cr: 1.000000000 0.000000000 0.000000000
JQ:/rc/cr: 0.000895002 0.000784620 0.998320378
JK:/rc/cr: 0.998332018 0.000069687 0.001598295
QJ:/rc/cr: 0.000000001 0.000000001 0.999999998
QQ:/rc/cr: 1.000000000 0.000000000 0.000000000
QK:/rc/cr: 0.005170191 0.526276130 0.468553680
KJ:/rc/cr: 0.000587867 0.996628889 0.002783244
KQ:/rc/cr: 0.000000042 0.485863092 0.514136865
KK:/rc/cr: 0.999999930 0.000000059 0.000000011
J:/cr: 0.018659880 0.034665934 0.946674186
Q:/cr: 0.160178773 0.839820757 0.000000471
K:/cr: 0.694095001 0.305904988 0.000000011
JJ:/crrc/: 0.998165087 0.001834913 0.000000000
JQ:/crrc/: 0.001422763 0.998577237 0.000000000
JK:/crrc/: 0.999999462 0.000000538 0.000000000
QJ:/crrc/: 0.010091490 0.989908510 0.000000000
QQ:/crrc/: 0.011307801 0.988692199 0.000000000
QK:/crrc/: 0.994021127 0.005978873 0.000000000
KJ:/crrc/: 0.067077691 0.932922309 0.000000000
KQ:/crrc/: 0.001291847 0.998708153 0.000000000
KK:/crrc/: 0.999193393 0.000806607 0.000000000
JJ:/crrc/rr: 0.000000000 1.000000000 0.000000000
JQ:/crrc/rr: 0.000000000 0.000378679 0.999621321
JK:/crrc/rr: 0.000000000 0.000000018 0.999999982
QJ:/crrc/rr: 0.000000000 0.000001135 0.999998865
QQ:/crrc/rr: 0.000000000 1.000000000 0.000000000
QK:/crrc/rr: 0.000000000 0.000007605 0.999992395
KJ:/crrc/rr: 0.000000000 0.388436917 0.611563083
KQ:/crrc/rr: 0.000000000 0.339308829 0.660691171
KK:/crrc/rr: 0.000000000 0.999999999 0.000000001
JJ:/crrc/cr: 1.000000000 0.000000000 0.000000000
JQ:/crrc/cr: 0.195727772 0.000000034 0.804272194
JK:/crrc/cr: 0.390020361 0.312771112 0.297208527
QJ:/crrc/cr: 0.000000005 0.000000005 0.999999990
QQ:/crrc/cr: 1.000000000 0.000000000 0.000000000
QK:/crrc/cr: 0.000150647 0.621646517 0.378202836
KJ:/crrc/cr: 0.000061816 0.999556276 0.000381908
KQ:/crrc/cr: 0.007394915 0.681878949 0.310726136
KK:/crrc/cr: 0.999984191 0.000015295 0.000000514
JJ:/crc/: 0.943541174 0.056458826 0.000000000
JQ:/crc/: 0.995601650 0.004398350 0.000000000
JK:/crc/: 0.025977323 0.974022677 0.000000000
QJ:/crc/: 0.028649297 0.971350703 0.000000000
QQ:/crc/: 0.990408348 0.009591652 0.000000000
QK:/crc/: 0.007365254 0.992634746 0.000000000
KJ:/crc/: 0.000000043 0.999999957 0.000000000
KQ:/crc/: 0.898163265 0.101836735 0.000000000
KK:/crc/: 0.071081146 0.928918854 0.000000000
JJ:/crc/rr: 0.000000000 1.000000000 0.000000000
JQ:/crc/rr: 0.000000000 0.000000000 1.000000000
JK:/crc/rr: 0.000000000 0.000000374 0.999999626
QJ:/crc/rr: 0.000000000 0.000000051 0.999999949
QQ:/crc/rr: 0.000000000 1.000000000 0.000000000
QK:/crc/rr: 0.000000000 0.000001029 0.999998971
KJ:/crc/rr: 0.000000000 0.300425435 0.699574565
KQ:/crc/rr: 0.000000000 0.000000204 0.999999796
KK:/crc/rr: 0.000000000 1.000000000 0.000000000
JJ:/crc/cr: 1.000000000 0.000000000 0.000000000
JQ:/crc/cr: 0.989908954 0.000000000 0.010091046
JK:/crc/cr: 0.001077687 0.000000007 0.998922306
QJ:/crc/cr: 0.003426176 0.000000001 0.996573823
QQ:/crc/cr: 1.000000000 0.000000000 0.000000000
QK:/crc/cr: 0.000000626 0.555444506 0.444554869
KJ:/crc/cr: 0.000000003 0.999999975 0.000000022
KQ:/crc/cr: 0.000000098 0.544752835 0.455247067
KK:/crc/cr: 0.999999986 0.000000014 0.000000000
JJ:/cc/: 0.000000462 0.999999538 0.000000000
JQ:/cc/: 0.186726541 0.813273459 0.000000000
JK:/cc/: 0.076490199 0.923509801 0.000000000
QJ:/cc/: 0.000000007 0.999999993 0.000000000
QQ:/cc/: 0.511804578 0.488195422 0.000000000
QK:/cc/: 0.549103888 0.450896112 0.000000000
KJ:/cc/: 0.000000286 0.999999714 0.000000000
KQ:/cc/: 0.000000297 0.999999703 0.000000000
KK:/cc/: 0.999755989 0.000244011 0.000000000
JJ:/cc/rr: 0.000000000 0.991256193 0.008743807
JQ:/cc/rr: 0.000000000 0.000000000 1.000000000
JK:/cc/rr: 0.000000000 0.000000013 0.999999987
QJ:/cc/rr: 0.000000000 0.500000000 0.500000000
QQ:/cc/rr: 0.000000000 0.999999784 0.000000216
QK:/cc/rr: 0.000000000 0.997750848 0.002249152
KJ:/cc/rr: 0.000000000 0.986767268 0.013232732
KQ:/cc/rr: 0.000000000 0.722117224 0.277882776
KK:/cc/rr: 0.000000000 0.999999981 0.000000019
JJ:/cc/cr: 0.971869559 0.028130438 0.000000003
JQ:/cc/cr: 0.000000008 0.000000000 0.999999992
JK:/cc/cr: 0.000035351 0.000000001 0.999964648
QJ:/cc/cr: 0.000000011 0.000000002 0.999999987
QQ:/cc/cr: 0.499999925 0.499999925 0.000000151
QK:/cc/cr: 0.001198974 0.998801026 0.000000000
KJ:/cc/cr: 0.000000061 0.000000089 0.999999849
KQ:/cc/cr: 0.000000140 0.420345174 0.579654686
KK:/cc/cr: 0.999878111 0.000071331 0.000050558
