#
# leduc strategy billion_fullgame_2.strat
# made on:       Fri Aug 17 16:59:28 2012
# abstraction:   abstractions/fullgame
# opponent:      abstractions/fullgame
# iterations:    1000000000
#
J:/r: 0.054870914 0.125672407 0.819456679
Q:/r: 0.371616256 0.628383561 0.000000183
K:/r: 0.582182863 0.417817136 0.000000001
JJ:/rrc/r: 0.999999611 0.000000358 0.000000030
JQ:/rrc/r: 0.431557658 0.000000137 0.568442206
JK:/rrc/r: 0.303309127 0.000000143 0.696690730
QJ:/rrc/r: 0.000000063 0.000000017 0.999999920
QQ:/rrc/r: 0.999999805 0.000000157 0.000000038
QK:/rrc/r: 0.000000057 0.512711020 0.487288923
KJ:/rrc/r: 0.042106105 0.882921925 0.074971970
KQ:/rrc/r: 0.084827410 0.534639038 0.380533552
KK:/rrc/r: 0.962260892 0.037739085 0.000000023
JJ:/rrc/c: 0.999999954 0.000000046 0.000000000
JQ:/rrc/c: 0.000010239 0.999989761 0.000000000
JK:/rrc/c: 0.999998983 0.000001017 0.000000000
QJ:/rrc/c: 0.000000345 0.999999655 0.000000000
QQ:/rrc/c: 0.999999940 0.000000060 0.000000000
QK:/rrc/c: 0.426041370 0.573958630 0.000000000
KJ:/rrc/c: 0.479871895 0.520128105 0.000000000
KQ:/rrc/c: 0.515252997 0.484747003 0.000000000
KK:/rrc/c: 0.999999925 0.000000075 0.000000000
JJ:/rrc/crr: 0.000000000 0.999999977 0.000000023
JQ:/rrc/crr: 0.000000000 0.017278676 0.982721324
JK:/rrc/crr: 0.000000000 0.000000107 0.999999893
QJ:/rrc/crr: 0.000000000 0.090895549 0.909104451
QQ:/rrc/crr: 0.000000000 0.999999970 0.000000030
QK:/rrc/crr: 0.000000000 0.065956390 0.934043610
KJ:/rrc/crr: 0.000000000 0.999968742 0.000031258
KQ:/rrc/crr: 0.000000000 0.454896792 0.545103208
KK:/rrc/crr: 0.000000000 0.999999976 0.000000024
JJ:/rc/r: 0.999999973 0.000000013 0.000000013
JQ:/rc/r: 0.000000032 0.000000032 0.999999935
JK:/rc/r: 0.369233420 0.000000010 0.630766570
QJ:/rc/r: 0.018843311 0.000000011 0.981156678
QQ:/rc/r: 0.999999980 0.000000010 0.000000010
QK:/rc/r: 0.000000022 0.301293069 0.698706910
KJ:/rc/r: 0.025236348 0.727320940 0.247442712
KQ:/rc/r: 0.000000188 0.300651604 0.699348208
KK:/rc/r: 0.999999968 0.000000016 0.000000016
JJ:/rc/c: 0.999999980 0.000000020 0.000000000
JQ:/rc/c: 0.999978278 0.000021722 0.000000000
JK:/rc/c: 0.386887868 0.613112132 0.000000000
QJ:/rc/c: 0.000000565 0.999999435 0.000000000
QQ:/rc/c: 0.999999989 0.000000011 0.000000000
QK:/rc/c: 0.371131980 0.628868020 0.000000000
KJ:/rc/c: 0.403598181 0.596401819 0.000000000
KQ:/rc/c: 0.000029033 0.999970967 0.000000000
KK:/rc/c: 0.999999976 0.000000024 0.000000000
JJ:/rc/crr: 0.000000000 0.999999990 0.000000010
JQ:/rc/crr: 0.000000000 0.000000000 1.000000000
JK:/rc/crr: 0.000000000 0.000000019 0.999999981
QJ:/rc/crr: 0.000000000 0.002541205 0.997458795
QQ:/rc/crr: 0.000000000 0.999999997 0.000000003
QK:/rc/crr: 0.000000000 0.000009193 0.999990807
KJ:/rc/crr: 0.000000000 0.717812831 0.282187169
KQ:/rc/crr: 0.000000000 0.008493338 0.991506662
KK:/rc/crr: 0.000000000 0.999999988 0.000000012
J:/c: 0.298126749 0.701873251 0.000000000
Q:/c: 0.849973953 0.150026047 0.000000000
K:/c: 0.999997977 0.000002023 0.000000000
J:/crr: 0.000000000 0.999999997 0.000000003
Q:/crr: 0.000000000 0.999999968 0.000000032
K:/crr: 0.000000000 0.999999999 0.000000001
JJ:/crrc/r: 0.999999932 0.000000064 0.000000004
JQ:/crrc/r: 0.153293536 0.000000013 0.846706450
JK:/crrc/r: 0.212849808 0.000000068 0.787150124
QJ:/crrc/r: 0.018616729 0.000000000 0.981383271
QQ:/crrc/r: 0.999999963 0.000000033 0.000000004
QK:/crrc/r: 0.000000422 0.280192792 0.719806786
KJ:/crrc/r: 0.050086060 0.771371823 0.178542117
KQ:/crrc/r: 0.000006205 0.759100266 0.240893529
KK:/crrc/r: 0.999994350 0.000005646 0.000000004
JJ:/crrc/c: 0.999999994 0.000000006 0.000000000
JQ:/crrc/c: 0.035990684 0.964009316 0.000000000
JK:/crrc/c: 0.389725021 0.610274979 0.000000000
QJ:/crrc/c: 0.000000098 0.999999902 0.000000000
QQ:/crrc/c: 0.999999994 0.000000006 0.000000000
QK:/crrc/c: 0.168551952 0.831448048 0.000000000
KJ:/crrc/c: 0.321043975 0.678956025 0.000000000
KQ:/crrc/c: 0.620111633 0.379888367 0.000000000
KK:/crrc/c: 0.999999994 0.000000006 0.000000000
JJ:/crrc/crr: 0.000000000 0.999999997 0.000000003
JQ:/crrc/crr: 0.000000000 0.000000699 0.999999301
JK:/crrc/crr: 0.000000000 0.000000261 0.999999739
QJ:/crrc/crr: 0.000000000 0.206543635 0.793456365
QQ:/crrc/crr: 0.000000000 0.999999997 0.000000003
QK:/crrc/crr: 0.000000000 0.000004520 0.999995480
KJ:/crrc/crr: 0.000000000 0.644605336 0.355394664
KQ:/crrc/crr: 0.000000000 0.392831588 0.607168412
KK:/crrc/crr: 0.000000000 0.999999997 0.000000003
JJ:/crc/r: 0.636363629 0.363636363 0.000000008
JQ:/crc/r: 0.129955845 0.000000028 0.870044128
JK:/crc/r: 0.013963311 0.000000109 0.986036580
QJ:/crc/r: 0.000000068 0.000000009 0.999999923
QQ:/crc/r: 0.999999966 0.000000022 0.000000013
QK:/crc/r: 0.000000264 0.446812023 0.553187713
KJ:/crc/r: 0.000000156 0.735760211 0.264239633
KQ:/crc/r: 0.000000020 0.422527372 0.577472607
KK:/crc/r: 0.749999971 0.250000006 0.000000023
JJ:/crc/c: 0.999999987 0.000000013 0.000000000
JQ:/crc/c: 0.391812009 0.608187991 0.000000000
JK:/crc/c: 0.558415020 0.441584980 0.000000000
QJ:/crc/c: 0.532053338 0.467946662 0.000000000
QQ:/crc/c: 0.999999971 0.000000029 0.000000000
QK:/crc/c: 0.262365122 0.737634878 0.000000000
KJ:/crc/c: 0.136949843 0.863050157 0.000000000
KQ:/crc/c: 0.348091771 0.651908229 0.000000000
KK:/crc/c: 0.999999837 0.000000163 0.000000000
JJ:/crc/crr: 0.000000000 0.999999994 0.000000006
JQ:/crc/crr: 0.000000000 0.000003226 0.999996774
JK:/crc/crr: 0.000000000 0.000000079 0.999999921
QJ:/crc/crr: 0.000000000 0.001503860 0.998496140
QQ:/crc/crr: 0.000000000 0.999999990 0.000000010
QK:/crc/crr: 0.000000000 0.000015399 0.999984601
KJ:/crc/crr: 0.000000000 0.999999988 0.000000012
KQ:/crc/crr: 0.000000000 0.052243415 0.947756585
KK:/crc/crr: 0.000000000 0.999999949 0.000000051
JJ:/cc/r: 0.999999987 0.000000010 0.000000004
JQ:/cc/r: 0.035823615 0.000000000 0.964176385
JK:/cc/r: 0.000000655 0.000000004 0.999999342
QJ:/cc/r: 0.000000138 0.000000138 0.999999724
QQ:/cc/r: 0.999999743 0.000000130 0.000000127
QK:/cc/r: 0.000000178 0.726649837 0.273349985
KJ:/cc/r: 0.009823186 0.005887776 0.984289039
KQ:/cc/r: 0.024148776 0.970828921 0.005022303
KK:/cc/r: 0.997891291 0.001668607 0.000440102
JJ:/cc/c: 0.999999995 0.000000005 0.000000000
JQ:/cc/c: 0.071245173 0.928754827 0.000000000
JK:/cc/c: 0.007527979 0.992472021 0.000000000
QJ:/cc/c: 0.000000503 0.999999497 0.000000000
QQ:/cc/c: 0.999999986 0.000000014 0.000000000
QK:/cc/c: 0.154425307 0.845574693 0.000000000
KJ:/cc/c: 0.012638893 0.987361107 0.000000000
KQ:/cc/c: 0.004708120 0.995291880 0.000000000
KK:/cc/c: 0.994425828 0.005574172 0.000000000
JJ:/cc/crr: 0.000000000 0.999999997 0.000000003
JQ:/cc/crr: 0.000000000 0.000000000 1.000000000
JK:/cc/crr: 0.000000000 0.000000355 0.999999645
QJ:/cc/crr: 0.000000000 0.093275500 0.906724500
QQ:/cc/crr: 0.000000000 0.999999993 0.000000007
QK:/cc/crr: 0.000000000 0.999999960 0.000000040
KJ:/cc/crr: 0.000000000 0.964626727 0.035373273
KQ:/cc/crr: 0.000000000 0.754666638 0.245333362
KK:/cc/crr: 0.000000000 0.997197291 0.002802709
