#
# leduc strategy random.strat
#
#
J:/: 0.413595579 0.586404421 0.000000000
J:/r: 0.335297571 0.241154027 0.423548402
J:/rr: 0.000000000 0.677160824 0.322839176
JQ:/rrc/: 0.613818759 0.386181241 0.000000000
JQ:/rrc/r: 0.464769310 0.036748748 0.498481942
JQ:/rrc/rr: 0.000000000 0.431299874 0.568700126
JQ:/rrc/c: 0.521284218 0.478715782 0.000000000
JQ:/rrc/cr: 0.370253566 0.291898704 0.337847729
JQ:/rrc/crr: 0.000000000 0.719630657 0.280369343
JQ:/rc/: 0.285581886 0.714418114 0.000000000
JQ:/rc/r: 0.450686769 0.263477723 0.285835507
JQ:/rc/rr: 0.000000000 0.408835791 0.591164209
JQ:/rc/c: 0.567015962 0.432984038 0.000000000
JQ:/rc/cr: 0.164951428 0.471650671 0.363397901
JQ:/rc/crr: 0.000000000 0.741473833 0.258526167
J:/c: 0.381676394 0.618323606 0.000000000
J:/cr: 0.864992934 0.081341485 0.053665582
J:/crr: 0.000000000 0.402581433 0.597418567
JQ:/crrc/: 0.225207417 0.774792583 0.000000000
JQ:/crrc/r: 0.429618986 0.000458718 0.569922297
JQ:/crrc/rr: 0.000000000 0.551725714 0.448274286
JQ:/crrc/c: 0.394971040 0.605028960 0.000000000
JQ:/crrc/cr: 0.708575288 0.171935633 0.119489078
JQ:/crrc/crr: 0.000000000 0.412773398 0.587226602
JQ:/crc/: 0.697680067 0.302319933 0.000000000
JQ:/crc/r: 0.428657702 0.098287503 0.473054794
JQ:/crc/rr: 0.000000000 0.854089064 0.145910936
JQ:/crc/c: 0.953125108 0.046874892 0.000000000
JQ:/crc/cr: 0.530965481 0.217604900 0.251429620
JQ:/crc/crr: 0.000000000 0.387610582 0.612389418
JQ:/cc/: 0.818772929 0.181227071 0.000000000
JQ:/cc/r: 0.488093696 0.300990525 0.210915779
JQ:/cc/rr: 0.000000000 0.613940478 0.386059522
JQ:/cc/c: 0.661050974 0.338949026 0.000000000
JQ:/cc/cr: 0.232309254 0.037918921 0.729771825
JQ:/cc/crr: 0.000000000 0.676856983 0.323143017
JK:/rrc/: 0.483991667 0.516008333 0.000000000
JK:/rrc/r: 0.204954745 0.290664243 0.504381012
JK:/rrc/rr: 0.000000000 0.387131321 0.612868679
JK:/rrc/c: 0.584754825 0.415245175 0.000000000
JK:/rrc/cr: 0.155326928 0.109252666 0.735420405
JK:/rrc/crr: 0.000000000 0.387862037 0.612137963
JK:/rc/: 0.232424149 0.767575851 0.000000000
JK:/rc/r: 0.467377508 0.421466745 0.111155747
JK:/rc/rr: 0.000000000 0.535209262 0.464790738
JK:/rc/c: 0.374179328 0.625820672 0.000000000
JK:/rc/cr: 0.604242334 0.369991387 0.025766279
JK:/rc/crr: 0.000000000 0.639007236 0.360992764
JK:/crrc/: 0.937898978 0.062101022 0.000000000
JK:/crrc/r: 0.074287407 0.473429676 0.452282917
JK:/crrc/rr: 0.000000000 0.376490519 0.623509481
JK:/crrc/c: 0.940815752 0.059184248 0.000000000
JK:/crrc/cr: 0.566622963 0.289418426 0.143958611
JK:/crrc/crr: 0.000000000 0.631614502 0.368385498
JK:/crc/: 0.357951681 0.642048319 0.000000000
JK:/crc/r: 0.293511663 0.301606018 0.404882319
JK:/crc/rr: 0.000000000 0.598616291 0.401383709
JK:/crc/c: 0.704921204 0.295078796 0.000000000
JK:/crc/cr: 0.211614908 0.696820545 0.091564548
JK:/crc/crr: 0.000000000 0.042992671 0.957007329
JK:/cc/: 0.763998482 0.236001518 0.000000000
JK:/cc/r: 0.306746890 0.353836806 0.339416304
JK:/cc/rr: 0.000000000 0.624473202 0.375526798
JK:/cc/c: 0.781431486 0.218568514 0.000000000
JK:/cc/cr: 0.408702653 0.338436814 0.252860532
JK:/cc/crr: 0.000000000 0.401226557 0.598773443
Q:/rr: 0.000000000 0.783176049 0.216823951
JJ:/rrc/: 0.454183063 0.545816937 0.000000000
JJ:/rrc/r: 0.111106279 0.213938172 0.674955549
QJ:/rrc/rr: 0.000000000 0.470364745 0.529635255
JJ:/rrc/c: 0.471910110 0.528089890 0.000000000
QJ:/rrc/cr: 0.173765104 0.412192477 0.414042419
JJ:/rrc/crr: 0.000000000 0.469281872 0.530718128
QJ:/rc/: 0.336966689 0.663033311 0.000000000
JJ:/rc/r: 0.188959827 0.375957595 0.435082577
QJ:/rc/rr: 0.000000000 0.588483161 0.411516839
JJ:/rc/c: 0.476640529 0.523359471 0.000000000
QJ:/rc/cr: 0.333356752 0.339557854 0.327085393
JJ:/rc/crr: 0.000000000 0.228191310 0.771808690
Q:/cr: 0.005702205 0.413346193 0.580951603
QJ:/crrc/: 0.231727925 0.768272075 0.000000000
JJ:/crrc/r: 0.286241528 0.462879829 0.250878642
QJ:/crrc/rr: 0.000000000 0.718469248 0.281530752
JJ:/crrc/c: 0.304343908 0.695656092 0.000000000
QJ:/crrc/cr: 0.551680569 0.284264171 0.164055259
JJ:/crrc/crr: 0.000000000 0.490937640 0.509062360
JJ:/crc/: 0.658522173 0.341477827 0.000000000
JJ:/crc/r: 0.627005209 0.068715717 0.304279074
QJ:/crc/rr: 0.000000000 0.361226659 0.638773341
JJ:/crc/c: 0.737046594 0.262953406 0.000000000
QJ:/crc/cr: 0.354705127 0.216990434 0.428304438
JJ:/crc/crr: 0.000000000 0.514994543 0.485005457
QJ:/cc/: 0.299996459 0.700003541 0.000000000
JJ:/cc/r: 0.623605149 0.251425074 0.124969777
QJ:/cc/rr: 0.000000000 0.439633729 0.560366271
JJ:/cc/c: 0.551223803 0.448776197 0.000000000
QJ:/cc/cr: 0.521212458 0.448661103 0.030126440
JJ:/cc/crr: 0.000000000 0.454144447 0.545855553
QQ:/rrc/rr: 0.000000000 0.398285370 0.601714630
QQ:/rrc/cr: 0.376521431 0.314791467 0.308687102
QQ:/rc/: 0.772357893 0.227642107 0.000000000
QQ:/rc/rr: 0.000000000 0.532246358 0.467753642
QQ:/rc/cr: 0.266440173 0.480024873 0.253534954
QQ:/crrc/: 0.466053868 0.533946132 0.000000000
QQ:/crrc/rr: 0.000000000 0.938149767 0.061850233
QQ:/crrc/cr: 0.508630339 0.128296158 0.363073503
QQ:/crc/rr: 0.000000000 0.628284238 0.371715762
QQ:/crc/cr: 0.212710936 0.177338391 0.609950673
QQ:/cc/: 0.820683970 0.179316030 0.000000000
QQ:/cc/rr: 0.000000000 0.340606326 0.659393674
QQ:/cc/cr: 0.294113545 0.335584037 0.370302418
QK:/rrc/rr: 0.000000000 0.733593328 0.266406672
QK:/rrc/cr: 0.347914305 0.395548984 0.256536710
QK:/rc/: 0.563688383 0.436311617 0.000000000
QK:/rc/rr: 0.000000000 0.340311381 0.659688619
QK:/rc/cr: 0.082341699 0.713022543 0.204635758
QK:/crrc/: 0.184615299 0.815384701 0.000000000
QK:/crrc/rr: 0.000000000 0.140239400 0.859760600
QK:/crrc/cr: 0.197859558 0.305894146 0.496246295
QK:/crc/rr: 0.000000000 0.458078937 0.541921063
QK:/crc/cr: 0.645841448 0.171038538 0.183120013
QK:/cc/: 0.421512752 0.578487248 0.000000000
QK:/cc/rr: 0.000000000 0.475269009 0.524730991
QK:/cc/cr: 0.072111125 0.201835769 0.726053106
K:/rr: 0.000000000 0.425962838 0.574037162
KJ:/rrc/rr: 0.000000000 0.265217580 0.734782420
KJ:/rrc/cr: 0.453986108 0.276649235 0.269364657
KJ:/rc/: 0.555768739 0.444231261 0.000000000
KJ:/rc/rr: 0.000000000 0.356746247 0.643253753
KJ:/rc/cr: 0.055551757 0.472123961 0.472324282
K:/cr: 0.334598935 0.391768193 0.273632871
KJ:/crrc/: 0.343623737 0.656376263 0.000000000
KJ:/crrc/rr: 0.000000000 0.530208681 0.469791319
KJ:/crrc/cr: 0.197861862 0.159800244 0.642337894
KJ:/crc/rr: 0.000000000 0.628217895 0.371782105
KJ:/crc/cr: 0.247570619 0.478807371 0.273622010
KJ:/cc/: 0.600708357 0.399291643 0.000000000
KJ:/cc/rr: 0.000000000 0.663984777 0.336015223
KJ:/cc/cr: 0.001894612 0.362150779 0.635954609
KQ:/rrc/rr: 0.000000000 0.507107702 0.492892298
KQ:/rrc/cr: 0.429324300 0.056894727 0.513780973
KQ:/rc/: 0.521254630 0.478745370 0.000000000
KQ:/rc/rr: 0.000000000 0.652470558 0.347529442
KQ:/rc/cr: 0.535618848 0.080253198 0.384127954
KQ:/crrc/: 0.555530495 0.444469505 0.000000000
KQ:/crrc/rr: 0.000000000 0.317773419 0.682226581
KQ:/crrc/cr: 0.343088559 0.461850170 0.195061271
KQ:/crc/rr: 0.000000000 0.258132961 0.741867039
KQ:/crc/cr: 0.486928841 0.462961612 0.050109547
KQ:/cc/: 0.938283668 0.061716332 0.000000000
KQ:/cc/rr: 0.000000000 0.601497269 0.398502731
KQ:/cc/cr: 0.408618137 0.100002737 0.491379126
KK:/rrc/rr: 0.000000000 0.361322824 0.638677176
KK:/rrc/cr: 0.177909190 0.450898883 0.371191927
KK:/rc/: 0.010091920 0.989908080 0.000000000
KK:/rc/rr: 0.000000000 0.579797020 0.420202980
KK:/rc/cr: 0.278662722 0.477857395 0.243479883
KK:/crrc/: 0.372714186 0.627285814 0.000000000
KK:/crrc/rr: 0.000000000 0.723009928 0.276990072
KK:/crrc/cr: 0.148427986 0.453516799 0.398055215
KK:/crc/rr: 0.000000000 0.446947221 0.553052779
KK:/crc/cr: 0.569266656 0.136462408 0.294270936
KK:/cc/: 0.550210754 0.449789246 0.000000000
KK:/cc/rr: 0.000000000 0.492073510 0.507926490
KK:/cc/cr: 0.409470138 0.350357889 0.240171973
Q:/: 0.482095840 0.517904160 0.000000000
Q:/r: 0.291146760 0.456518414 0.252334826
QJ:/rrc/: 0.893038999 0.106961001 0.000000000
QJ:/rrc/r: 0.297235890 0.253691859 0.449072250
JJ:/rrc/rr: 0.000000000 0.664827225 0.335172775
QJ:/rrc/c: 0.463286411 0.536713589 0.000000000
JJ:/rrc/cr: 0.529148140 0.236784922 0.234066939
QJ:/rrc/crr: 0.000000000 0.083352987 0.916647013
JJ:/rc/: 0.658418101 0.341581899 0.000000000
QJ:/rc/r: 0.226778883 0.321003242 0.452217876
JJ:/rc/rr: 0.000000000 0.266293920 0.733706080
QJ:/rc/c: 0.676236755 0.323763245 0.000000000
JJ:/rc/cr: 0.289303021 0.403737982 0.306958998
QJ:/rc/crr: 0.000000000 0.083677480 0.916322520
Q:/c: 0.515291028 0.484708972 0.000000000
Q:/crr: 0.000000000 0.376783555 0.623216445
JJ:/crrc/: 0.013152435 0.986847565 0.000000000
QJ:/crrc/r: 0.395380133 0.291974920 0.312644947
JJ:/crrc/rr: 0.000000000 0.609817630 0.390182370
QJ:/crrc/c: 0.876304393 0.123695607 0.000000000
JJ:/crrc/cr: 0.047253088 0.555142987 0.397603925
QJ:/crrc/crr: 0.000000000 0.535996260 0.464003740
QJ:/crc/: 0.578821051 0.421178949 0.000000000
QJ:/crc/r: 0.161067762 0.481937042 0.356995197
JJ:/crc/rr: 0.000000000 0.919981849 0.080018151
QJ:/crc/c: 0.601493570 0.398506430 0.000000000
JJ:/crc/cr: 0.119489493 0.457887518 0.422622988
QJ:/crc/crr: 0.000000000 0.472163711 0.527836289
JJ:/cc/: 0.740224988 0.259775012 0.000000000
QJ:/cc/r: 0.266959234 0.271501576 0.461539190
JJ:/cc/rr: 0.000000000 0.258929411 0.741070589
QJ:/cc/c: 0.887479879 0.112520121 0.000000000
JJ:/cc/cr: 0.276604492 0.370036269 0.353359239
QJ:/cc/crr: 0.000000000 0.189116398 0.810883602
QQ:/rrc/: 0.737978230 0.262021770 0.000000000
QQ:/rrc/r: 0.604705622 0.211754492 0.183539886
QQ:/rrc/c: 0.233921231 0.766078769 0.000000000
QQ:/rrc/crr: 0.000000000 0.874655915 0.125344085
QQ:/rc/r: 0.095441105 0.446214812 0.458344083
QQ:/rc/c: 0.670608099 0.329391901 0.000000000
QQ:/rc/crr: 0.000000000 0.270219440 0.729780560
QQ:/crrc/r: 0.309017890 0.363818246 0.327163865
QQ:/crrc/c: 0.491676016 0.508323984 0.000000000
QQ:/crrc/crr: 0.000000000 0.426829368 0.573170632
QQ:/crc/: 0.782106152 0.217893848 0.000000000
QQ:/crc/r: 0.606446244 0.287958146 0.105595610
QQ:/crc/c: 0.617742114 0.382257886 0.000000000
QQ:/crc/crr: 0.000000000 0.598033974 0.401966026
QQ:/cc/r: 0.169609473 0.409941564 0.420448964
QQ:/cc/c: 0.697990426 0.302009574 0.000000000
QQ:/cc/crr: 0.000000000 0.825184714 0.174815286
QK:/rrc/: 0.037368808 0.962631192 0.000000000
QK:/rrc/r: 0.865203045 0.013032226 0.121764730
QK:/rrc/c: 0.302427665 0.697572335 0.000000000
QK:/rrc/crr: 0.000000000 0.564615627 0.435384373
QK:/rc/r: 0.571029653 0.138593613 0.290376734
QK:/rc/c: 0.577646296 0.422353704 0.000000000
QK:/rc/crr: 0.000000000 0.361289525 0.638710475
QK:/crrc/r: 0.302421150 0.502219842 0.195359009
QK:/crrc/c: 0.327982834 0.672017166 0.000000000
QK:/crrc/crr: 0.000000000 0.877946403 0.122053597
QK:/crc/: 0.790769277 0.209230723 0.000000000
QK:/crc/r: 0.309266884 0.358654431 0.332078684
QK:/crc/c: 0.359701497 0.640298503 0.000000000
QK:/crc/crr: 0.000000000 0.636824374 0.363175626
QK:/cc/r: 0.438114787 0.375237860 0.186647353
QK:/cc/c: 0.907687866 0.092312134 0.000000000
QK:/cc/crr: 0.000000000 0.476786778 0.523213222
K:/: 0.595606672 0.404393328 0.000000000
K:/r: 0.250708804 0.329253801 0.420037395
KJ:/rrc/: 0.228025907 0.771974093 0.000000000
KJ:/rrc/r: 0.887633015 0.080913649 0.031453335
KJ:/rrc/c: 0.759475295 0.240524705 0.000000000
KJ:/rrc/crr: 0.000000000 0.982984204 0.017015796
KJ:/rc/r: 0.244134872 0.421217664 0.334647464
KJ:/rc/c: 0.186788227 0.813211773 0.000000000
KJ:/rc/crr: 0.000000000 0.398383333 0.601616667
K:/c: 0.641856372 0.358143628 0.000000000
K:/crr: 0.000000000 0.508818947 0.491181053
KJ:/crrc/r: 0.166889451 0.543748597 0.289361952
KJ:/crrc/c: 0.250029628 0.749970372 0.000000000
KJ:/crrc/crr: 0.000000000 0.615291714 0.384708286
KJ:/crc/: 0.529774140 0.470225860 0.000000000
KJ:/crc/r: 0.785587238 0.204666217 0.009746546
KJ:/crc/c: 0.455149638 0.544850362 0.000000000
KJ:/crc/crr: 0.000000000 0.476524919 0.523475081
KJ:/cc/r: 0.282158564 0.625008403 0.092833032
KJ:/cc/c: 0.680246568 0.319753432 0.000000000
KJ:/cc/crr: 0.000000000 0.785606853 0.214393147
KQ:/rrc/: 0.690256775 0.309743225 0.000000000
KQ:/rrc/r: 0.200053185 0.522612416 0.277334399
KQ:/rrc/c: 0.808255712 0.191744288 0.000000000
KQ:/rrc/crr: 0.000000000 0.893515472 0.106484528
KQ:/rc/r: 0.292645041 0.368054867 0.339300092
KQ:/rc/c: 0.456243462 0.543756538 0.000000000
KQ:/rc/crr: 0.000000000 0.443421508 0.556578492
KQ:/crrc/r: 0.288888734 0.291488089 0.419623178
KQ:/crrc/c: 0.228585661 0.771414339 0.000000000
KQ:/crrc/crr: 0.000000000 0.456097770 0.543902230
KQ:/crc/: 0.599107791 0.400892209 0.000000000
KQ:/crc/r: 0.466806864 0.207784649 0.325408487
KQ:/crc/c: 0.215864726 0.784135274 0.000000000
KQ:/crc/crr: 0.000000000 0.547296655 0.452703345
KQ:/cc/r: 0.381161059 0.225417057 0.393421884
KQ:/cc/c: 0.368635014 0.631364986 0.000000000
KQ:/cc/crr: 0.000000000 0.350905952 0.649094048
KK:/rrc/: 0.907187150 0.092812850 0.000000000
KK:/rrc/r: 0.382335337 0.373992562 0.243672100
KK:/rrc/c: 0.208136923 0.791863077 0.000000000
KK:/rrc/crr: 0.000000000 0.930472890 0.069527110
KK:/rc/r: 0.494958116 0.441004317 0.064037567
KK:/rc/c: 0.983641145 0.016358855 0.000000000
KK:/rc/crr: 0.000000000 0.267397704 0.732602296
KK:/crrc/r: 0.282856496 0.314369669 0.402773834
KK:/crrc/c: 0.798827086 0.201172914 0.000000000
KK:/crrc/crr: 0.000000000 0.765606100 0.234393900
KK:/crc/: 0.637785312 0.362214688 0.000000000
KK:/crc/r: 0.082637016 0.611291180 0.306071803
KK:/crc/c: 0.311309446 0.688690554 0.000000000
KK:/crc/crr: 0.000000000 0.889678350 0.110321650
KK:/cc/r: 0.110317127 0.438349485 0.451333388
KK:/cc/c: 0.503587598 0.496412402 0.000000000
KK:/cc/crr: 0.000000000 0.919829340 0.080170660
